c	0	0	8933510
c	1000000000	85729026.2	5141555.39071
c	694339697	59525066.0758	4191418.98842
c	606686094	52010608.0477	3364656.74326
c	517221319	44340880.0077	3309624.83418
c	511196071	43824341.3641	2235046.86765
c	327620663	28086600.402	1913760.55265
c	305660303	26203960.1242	1758366.9255
c	273907908	23481858.2213	1423490.64224
c	257894008	22109002.1687	1132956.64183
c	183575408	15737740.9621	1120923.16383
c	179830196	15416667.5844	996099.120391
c	148089126	12695536.5628	899863.090952
c	140652808	12058028.2621	820667.838027
c	133255100	11423829.9592	811152.429403
c	129130847	11070261.7657	750275.707235
c	123057865	10549630.9327	723094.496941
c	109804882	9413465.60587	700683.837127
c	109115730	9354385.276	651487.940132
c	96854496	8303241.62517	629377.191969
c	92982989	7971341.10014	591024.028949
c	92160391	7900820.57464	569863.821809
c	89464775	7669728.03995	556455.880091
c	87653603	7514458.02811	536559.498654
c	83860833	7189307.54941	507176.62979
c	81709090	7004840.71739	493993.066538
c	80095601	6866517.87663	469264.103231
c	76724411	6577509.0408	443053.038816
c	72238193	6192909.94034	431575.414217
c	71370483	6118522.00701	411230.157062
c	69726655	5977598.23333	408105.932532
c	69494850	5957725.81642	387696.577806
c	67121532	5754263.57541	386529.729903
c	66134032	5669606.16204	369016.347024
c	64228293	5506229.01338	359457.517758
c	61852295	5302537.01859	342571.605917
c	56772331	4867036.65173	339193.206876
c	54872442	4704161.01788	326843.035143
c	54392385	4663006.19875	324658.74992
c	53219382	4562445.79383	312671.572993
c	52590101	4508498.14649	302362.529605
c	52043336	4461624.51548	301511.744951
c	51111698	4381756.09697	299479.016452
c	50347575	4316248.57628	297798.677995
c	48779362	4181807.20292	292234.952317
c	48404643	4149682.90795	283043.737716
c	47669819	4086687.162	273463.124357
c	47292651	4054352.91665	272023.871337
c	45523142	3902654.63322	267257.386774
c	43707520	3747003.12722	265578.391593
c	42815359	3670519.03347	257458.013979
c	42635414	3655092.52385	253321.678312
c	41439854	3552598.32929	253054.690324
c	41225956	3534261.06204	245707.258001
c	41076064	3521410.96685	239552.229352
c	40518755	3473633.40899	235234.061402
c	39620880	3396659.45959	229499.815966
c	38614443	3310378.59565	224151.304064
c	36992827	3171359.0351	218050.281917
c	36970456	3169441.19105	215551.335847
c	36248812	3107575.35367	213413.296798
c	36205656	3103875.63181	210493.016663
c	35279624	3024487.81022	204933.866761
c	34293391	2939939.01553	204266.552303
c	33250092	2850498.00822	203999.543784
c	33167314	2843401.53089	199285.33883
c	32794398	2811431.80536	195254.313088
c	32705991	2803852.75934	190481.558515
c	32692270	2802676.47137	186074.488439
c	32647966	2798878.33259	181313.527135
c	32575361	2792653.97664	179492.189394
c	31752395	2722101.90287	178946.878919
c	31270732	2680809.40292	178326.164724
c	30919501	2650698.71132	175811.950335
c	30760187	2637040.87724	172418.404109
c	30117213	2581919.34235	168748.682736
c	29481606	2527429.37319	167953.641438
c	29331195	2514534.78463	164629.758948
c	29068526	2492016.42705	162723.456996
c	28266995	2423301.95495	159253.560658
c	27885900	2390631.05171	157064.809394
c	27875636	2389751.12899	156965.821853
c	27675450	2372589.37815	153895.537462
c	27558904	2362598.00306	150503.98735
c	26679491	2287206.78294	148945.784173
c	25373666	2175259.6773	147459.041955
c	25223159	2162356.85876	144746.134374
c	24759277	2122588.70663	142041.222661
c	24309751	2084051.28039	140905.437495
c	24077832	2064169.09037	139153.601394
c	23356783	2002354.26175	137137.156892
c	22974090	1969546.36353	134938.937541
c	22865378	1960226.58963	134908.411628
c	22790412	1953799.82746	132638.300409
c	22426512	1922603.03482	130943.819184
c	22422546	1922263.0335	128721.054402
c	22207520	1903829.06392	128403.558721
c	21504100	1843525.55231	126921.639129
c	21376226	1832563.03881	125202.300503
c	21329416	1828550.06309	124647.858658
c	20877873	1789839.72142	122836.570866
c	20513391	1758593.03449	121722.863295
c	20054961	1719292.27701	120817.632764
c	19925536	1708196.79779	119307.909304
c	19758905	1693911.68443	118592.027669
c	19681468	1687273.08583	117899.227573
c	19592818	1679673.20765	116714.412198
c	19458576	1668164.77172	115703.360757
c	19301995	1654741.23507	115262.137702
c	18886318	1619105.65064	114409.533363
c	18269628	1566237.41748	114175.476201
c	18188213	1559257.78881	112912.819877
c	17924263	1536629.61234	112832.098707
c	17790430	1525156.23958	111554.853699
c	17690832	1516617.80003	110974.964137
c	17668561	1514708.52889	109589.694057
c	17521999	1502143.91135	108221.889127
c	17489194	1499331.57064	107563.174045
c	17464726	1497233.95283	106200.792232
c	17460753	1496893.35141	105967.943421
c	17090446	1465147.2929	105766.463032
c	16916205	1450209.78165	105490.741217
c	16895187	1448407.92898	104876.52242
c	16803959	1440587.04137	104163.524303
c	16771909	1437839.42609	103052.773329
c	16679411	1429909.66262	102580.175165
c	16528790	1416997.07096	101689.70628
c	16489126	1413596.71487	100794.54305
c	16467377	1411732.19428	100076.764944
c	16402969	1406210.55916	99630.2287925
c	16401370	1406073.47845	98540.2517404
c	16246596	1392804.85414	97447.1132873
c	15948604	1367258.29017	96314.481844
c	15899496	1363048.30915	95350.0318656
c	15881622	1361515.98854	94884.5376926
c	15810804	1355444.83036	93815.8326724
c	15756677	1350804.57536	93142.6826846
c	15611916	1338394.3558	92145.0934908
c	15597274	1337139.11139	91200.9719299
c	15435980	1323311.53384	90628.4066241
c	15415410	1321548.08777	89981.2040447
c	15297302	1311422.80395	89856.4044966
c	15242201	1306699.04887	89392.2137894
c	15145406	1298400.90778	88368.6791601
c	15037476	1289148.17399	87378.9910974
c	14931464	1280059.86846	86494.6865274
c	14904751	1277769.78898	85667.8764482
c	14826182	1271034.14512	84746.3224364
c	14703188	1260489.98928	83962.1093211
c	14529090	1245564.73727	83931.6744577
c	14473678	1240814.32047	83005.0789221
c	14410887	1235431.30919	82156.4127561
c	14023838	1202249.97533	82133.511581
c	14006376	1200752.97507	81265.2774232
c	13942135	1195245.6567	80427.7070619
c	13941604	1195200.13459	79754.0279011
c	13931836	1194362.73346	79586.7528215
c	13804509	1183447.11374	79282.6287244
c	13744973	1178343.15044	78555.6528964
c	13552528	1161845.02799	78262.9983478
c	13489188	1156414.95147	77992.7605168
c	13286863	1139069.82624	77254.476334
c	13241778	1135204.7331	76717.2485455
c	13223856	1133668.29749	76351.7214293
c	13194904	1131186.27072	75926.354908
c	13066964	1120218.09911	75914.019034
c	13013911	1115669.91708	75721.1764763
c	12964078	1111397.78252	75154.6771338
c	12950386	1110223.98069	75131.783617
c	12850677	1101676.02522	74975.9056166
c	12817231	1098808.73221	74619.6576173
c	12562984	1077012.38449	74079.3669785
c	12561084	1076849.49934	73382.3168973
c	12522828	1073569.84971	72876.011201
c	12472020	1069214.12935	72443.3505037
c	12435751	1066104.8233	72395.9290485
c	12345571	1058373.77971	72106.6360805
c	12255002	1050609.38754	71500.6073276
c	12218529	1047482.59277	70838.0212228
c	12211166	1046851.36995	70548.0311782
c	12131531	1040024.33895	69939.6931415
c	12123650	1039348.70849	69767.9019228
c	11814397	1012836.74995	69541.1443326
c	11777869	1009705.24008	68971.1420162
c	11744869	1006876.18222	68931.2734097
c	11659030	999517.288337	68382.0436854
c	11551702	990316.163413	67856.2921311
c	11434727	980288.010573	67506.6348769
c	11353885	973357.504637	66958.4699281
c	11270542	966212.590406	66783.7188323
c	11241925	963759.282863	66743.8492377
c	11039796	946430.960527	66537.0755312
c	11038062	946282.306395	66436.3561486
c	11014304	944245.556191	66032.5503391
c	11005516	943492.169509	66011.0701127
c	10986054	941823.711201	65474.9413314
c	10895171	934032.400112	64952.4661681
c	10853793	930485.104466	64426.7050875
c	10738807	920627.46666	63940.1620734
c	10699938	917295.26514	63480.2262593
c	10693358	916731.168148	62969.4654728
c	10623024	910701.502819	62468.8564327
c	10619267	910379.418868	62358.9225027
c	10538172	903427.223488	61864.9912791
c	10501253	900262.19357	61688.0707
c	10495751	899790.512468	61196.2265386
c	10435745	894646.256522	60868.8233721
c	10385898	890372.921753	60469.7805381
c	10338607	886318.710375	60284.2008042
c	10331421	885702.661592	60224.7309796
c	10323088	884988.281617	60212.1135106
c	10315571	884343.856527	60079.8526332
c	10270333	880465.64684	59696.6609124
c	10254220	879084.295041	59539.5978019
c	10076975	863889.253792	59096.560181
c	10066443	862986.355688	58773.5404109
c	10064026	862779.148631	58454.9696282
c	10004238	857653.581613	58043.5143325
s	9998525	6961384.42072	57151.01355
s	9964427	6936173.58593	56264.591654
s	9925857	6907662.3913	55385.0208606
s	9866891	6864086.86421	54515.872687
s	9835908	6841196.70417	53652.1760619
s	9820308	6829673.05952	52791.2178101
s	9723448	6758147.06908	51947.1647383
s	9693021	6735686.92118	51108.3875564
s	9558058	6636111.86962	50292.8128802
s	9550015	6630180.37062	49478.6106616
s	9542774	6624840.57562	48665.6430586
s	9539593	6622494.85753	47853.217531
s	9453840	6559276.59956	47055.3370754
s	9430402	6542003.62666	46261.4092147
s	9405822	6523891.74365	45471.6159927
s	9369174	6496892.65561	44687.9673404
s	9339278	6474872.44426	43909.3134148
s	9317541	6458864.42447	43134.2810651
s	9310002	6453312.90652	42360.5028075
s	9307677	6451600.8919	41587.1111025
s	9276234	6428450.29348	40818.9375994
s	9250324	6409376.94696	40055.0507802
s	9210959	6380404.86046	39297.6537549
s	9208642	6378699.80719	38540.6378521
s	8786785	6068686.38175	37851.4145361
s	8677941	5988839.66401	37179.1664739
s	8586226	5921604.3374	36521.0579139
s	8552667	5897013.12986	35868.0855159
s	8500412	5858733.28704	35223.0706198
s	8418372	5798662.21728	34590.4505252
s	8320967	5727385.50789	33972.3904701
s	8313357	5721818.91039	33355.4608138
s	8287098	5702613.16968	32742.4237574
s	8281706	5698669.92417	32130.1844794
s	8201453	5639997.75484	31529.757709
s	8118546	5579420.90025	30941.413249
s	8032080	5516282.59311	30365.5389363
s	7951805	5457700.998	29801.1223302
s	7816794	5359254.31544	29255.7162834
s	7768992	5324422.3362	28716.9630496
s	7759445	5317467.22419	28179.5336225
s	7726586	5293532.90346	27646.6480439
s	7722695	5290699.11899	27114.2992479
s	7682969	5261771.8414	26587.4153705
s	7674314	5255470.70645	26061.7183799
s	7630455	5223546.35184	25542.0153341
s	7555388	5168931.43333	25032.491491
s	7553406	5167489.86642	24523.235046
s	7530232	5150636.40296	24017.0998732
s	7353964	5022545.71633	23534.3919289
s	7345314	5016264.58427	23052.8193399
s	7328612	5004137.79884	22573.4351885
s	7268663	4960624.32583	22101.8650134
s	7047026	4799937.83494	21658.6263082
s	6937797	4720857.16454	21229.0273058
s	6920892	4708624.72767	20801.5202254
s	6908699	4699802.99507	20375.5188074
s	6827993	4641435.07839	19959.4164586
s	6633978	4501289.76383	19566.6350572
s	6597941	4475285.48082	19178.1113073
s	6521873	4420422.81817	18798.4985588
s	6451250	4369521.56214	18427.0664102
s	6444762	4364847.03049	18056.3813283
s	6413656	4342439.42839	17689.2675293
s	6386602	4322956.03354	17325.2457465
s	6332062	4283693.20304	16967.4176157
s	6268030	4237623.08206	16616.7932392
s	6131400	4139414.56564	16281.2951501
s	6121027	4131963.87382	15946.9318323
s	6106186	4121305.23915	15614.1887274
s	6025248	4063204.02293	15290.2124857
s	5931025	3995625.39745	14976.2946471
s	5901356	3974359.53299	14665.5111688
s	5806580	3906470.21694	14364.6348716
s	5751458	3867016.25645	14069.446808
s	5701432	3831229.54162	13779.3741138
s	5660429	3801911.67301	13493.4608065
s	5654603	3797747.01906	13208.1360576
s	5625229	3776753.28333	12925.769513
s	5623287	3775365.55994	12643.5980005
s	5620588	3773436.94408	12361.6974327
s	5613195	3768154.43833	12080.5383598
s	5584576	3747709.33117	11802.2404769
s	5575858	3741482.54271	11524.81127
s	5547890	3721510.51577	11250.159675
s	5545835	3720043.27435	10975.7116191
s	5529984	3708726.98706	10702.8310015
s	5463354	3661180.27452	10436.4900487
s	5360302	3587712.35635	10180.1073359
s	5358111	3586151.27013	9923.9342864
s	5333056	3568302.35293	9670.15272684
s	5286155	3534904.26262	9420.81770162
s	5269217	3522847.16291	9173.07885471
s	5191514	3467565.5315	8932.59677529
s	5137640	3429266.43708	8697.08272376
s	5103210	3404802.87206	8464.71649878
s	5084698	3391653.67512	8234.03401266
s	5036723	3357590.28827	8007.68654637
s	4974250	3313262.59534	7786.92249995
s	4967037	3308146.78845	7566.79861314
s	4965896	3307337.57774	7346.77590586
s	4924977	3278324.84411	7130.36636495
s	4913442	3270148.84957	6914.96996475
s	4871566	3240477.04169	6703.23163205
s	4788985	3182008.84948	6498.6153291
s	4432993	2930680.97128	6323.3061145
s	4409000	2913785.43333	6149.89068381
s	4408836	2913669.96617	5976.48816236
s	4350617	2872696.5555	5807.63797934
s	4314571	2847344.91531	5641.57600016
s	4309249	2843602.9801	5475.92371771
s	4278186	2821768.0449	5312.65262214
s	4270395	2816293.08774	5149.97605474
s	4222922	2782945.77159	4990.89869698
s	4222481	2782636.09968	4831.85458528
s	4165016	2742301.05085	4677.11291444
s	4124253	2713709.97847	4525.38742652
s	4104829	2700092.14236	4375.08873821
s	4028575	2646670.32694	4230.32615139
s	4017106	2638640.77212	4086.38723566
s	3967706	2604071.58548	3945.96922688
s	3869566	2535474.21655	3812.41664478
s	3814113	2496761.34554	3682.66721715
s	3792257	2481512.76619	3554.40165414
s	3745212	2448708.72952	3429.30115109
s	3709432	2423776.74492	3306.58135653
s	3673451	2398719.73531	3186.23257912
s	3671271	2397202.08056	3066.02671266
s	3652912	2384423.28225	2947.02101071
s	3590582	2341068.28734	2832.04501823
s	3559080	2319174.11244	2719.07926291
s	3552949	2314914.40886	2606.50268401
s	3506835	2282889.96921	2496.83175384
s	3271057	2119568.00723	2401.42350292
s	3245443	2101868.64233	2307.50488487
s	3040584	1960630.53476	2225.0784835
s	3004696	1935948.16499	2144.58815374
s	2980335	1919204.15422	2065.3989305
s	2978189	1917729.55837	1986.3238157
s	2964770	1908510.38458	1907.96035852
s	2964515	1908335.21884	1829.61039375
s	2939446	1891119.34831	1752.58119464
s	2916369	1875279.62479	1676.75788722
s	2910357	1871154.36642	1601.24717545
s	2892582	1858960.8239	1526.65690289
s	2862355	1838236.13436	1453.61890771
s	2727206	1745744.01013	1387.32170125
s	2605123	1662442.2829	1326.83307035
s	2471902	1571823.1865	1272.37912743
s	2451718	1558120.35351	1218.81182705
s	2405577	1526822.478	1167.24407109
s	2366097	1500073.1452	1117.35700609
s	2349049	1488531.18943	1068.18707786
s	2339857	1482310.17277	1019.40166338
s	2332336	1477221.22547	970.929739637
s	2295034	1451997.05808	923.997704496
s	2294179	1451419.19977	877.100673754
s	2267666	1433507.04208	831.282625258
s	2234292	1410978.65532	786.804923122
s	2220715	1401819.94331	742.866798049
s	2156842	1358781.2625	701.422923742
s	2095449	1317490.63907	662.307759534
s	2078916	1306384.351	623.808203457
s	1955338	1223552.06601	589.755423169
s	1942932	1215254.82206	556.133985421
s	1857784	1158400.59405	525.398848421
s	1811715	1127709.63526	496.171335901
s	1789129	1112681.35208	467.669107175
s	1774660	1103060.42485	439.626719216
s	1769509	1099636.57865	411.747132974
s	1699781	1053353.21473	386.02472134
s	1595706	984502.843335	363.36050248
s	1570511	967878.580777	341.407533916
s	1517808	933160.680731	320.905690147
s	1491778	916042.514219	301.102250522
s	1377732	841278.225491	284.216055494
s	1368758	835412.09131	267.54955028
s	1341362	817519.637869	251.544818412
s	1234186	747759.548368	238.000185618
s	1195130	722436.478342	225.301024269
s	1172905	708050.767721	213.0708173
s	1153519	695517.517004	201.242455782
s	1127648	678813.6116	189.939907062
s	1126077	677800.097448	178.668902923
s	1047413	627174.764833	168.921042494
s	992208	591798.168596	160.176089294
s	987500	588787.215861	151.514146789
s	967601	576071.781206	143.198686808
s	947454	563215.886851	135.226821442
s	944218	561152.694983	127.309468222
s	931638	553136.57103	119.602254739
s	890261	526822.965293	112.566273547
s	853108	503266.297004	106.106942752
s	831294	489467.620823	99.9746977776
s	781342	457964.190149	94.5594310458
s	775978	454589.305309	89.2185056233
s	747629	436779.744587	84.2619418664
s	719146	418932.779817	79.6770994347
s	707980	411949.545801	75.2340264897
s	687477	399146.834904	71.0454716233
s	615029	354125.275895	67.6961234809
s	536809	305933.028713	65.1475938671
s	471120	265839.804944	63.1871713579
s	455694	256480.024721	61.3536826494
s	363790	201213.729666	60.1883529442
s	332896	182849.956834	59.2137551182
s	255702	137535.582372	58.6412430333
s	217222	115307.829679	58.2294305335
s	202129	106667.247879	57.8734323126
s	200186	105558.364131	57.5243239368
s	193167	101559.41685	57.1995434375
s	118203	59638.563093	57.0797515294
s	110345	55345.9620315	56.9756417798
s	99709	49574.6930407	56.8910042603
s	92002	45423.1155441	56.819216235
s	74966	36349.0016922	56.7720744709
s	68868	33139.8484378	56.7324978024
s	53053	24931.6323425	56.7094547247
