c	0	0	8933510
c	1000000000	85729026.2	5141555.39071
c	694339697	59525066.0758	4191418.98842
c	606686094	52010608.0477	3364656.74326
c	517221319	44340880.0077	3309624.83418
c	511196071	43824341.3641	2235046.86765
c	327620663	28086600.402	1913760.55265
c	305660303	26203960.1242	1758366.9255
c	273907908	23481858.2213	1423490.64224
c	257894008	22109002.1687	1132956.64183
c	183575408	15737740.9621	1120923.16383
c	179830196	15416667.5844	996099.120391
c	148089126	12695536.5628	899863.090952
c	140652808	12058028.2621	820667.838027
c	133255100	11423829.9592	811152.429403
c	129130847	11070261.7657	750275.707235
c	123057865	10549630.9327	723094.496941
c	109804882	9413465.60587	700683.837127
c	109115730	9354385.276	651487.940132
s	96854496	76934514.994	567691.00893
s	92982989	73695409.296	490459.552103
s	92160391	73008068.0229	414588.598244
s	89464775	70757920.0101	343091.22732
s	87653603	69248020.2221	274459.526444
s	83860833	66091421.4167	211638.940331
s	69726655	54396222.9559	168210.526786
s	69494850	54205387.1658	125070.401558
s	64228293	49878866.9895	88221.4306804
s	56772331	43786052.7006	59431.5454617
s	47669819	36405835.1844	39134.000815
s	39620880	29942267.3489	25112.5735826
s	36970456	27828718.861	12904.4664952
s	31752395	23692245.4771	3899.56786023
s	13942135	9907323.89669	2163.87919602
s	12950386	9161304.9469	666.390011984
s	6025248	4063204.02293	342.413770284
s	4124253	2713709.97847	190.688282362
s	3745212	2448708.72952	65.5877793088
