100000000	1000000000	5.8953805945e+12
110000000	1000000000	5.8953805945e+12
120000000	1000000000	5.8953805945e+12
130000000	1000000000	5.8953805945e+12
140000000	1000000000	5.8953805945e+12
150000000	1000000000	5.8953805945e+12
160000000	1000000000	5.8953805945e+12
170000000	1000000000	5.8953805945e+12
180000000	1000000000	5.8953805945e+12
190000000	1000000000	5.8953805945e+12
200000000	1000000000	5.8953805945e+12
210000000	1000000000	5.8953805945e+12
220000000	1000000000	5.8953805945e+12
230000000	1000000000	5.8953805945e+12
240000000	1000000000	5.8953805945e+12
250000000	1000000000	5.8953805945e+12
260000000	1000000000	5.8953805945e+12
270000000	1000000000	5.8953805945e+12
280000000	1000000000	5.8953805945e+12
290000000	1000000000	5.8953805945e+12
300000000	1000000000	5.8953805945e+12
310000000	1000000000	5.8953805945e+12
320000000	1000000000	5.8953805945e+12
330000000	1000000000	5.8953805945e+12
340000000	1000000000	5.8953805945e+12
350000000	1000000000	5.8953805945e+12
360000000	1000000000	5.8953805945e+12
370000000	1000000000	5.8953805945e+12
380000000	1000000000	5.8953805945e+12
390000000	1000000000	5.8953805945e+12
400000000	1000000000	5.8953805945e+12
410000000	1000000000	5.8953805945e+12
420000000	1000000000	5.8953805945e+12
430000000	1000000000	5.8953805945e+12
440000000	1000000000	5.8953805945e+12
450000000	1000000000	5.8953805945e+12
460000000	1000000000	5.8953805945e+12
470000000	1000000000	5.8953805945e+12
480000000	1000000000	5.8953805945e+12
490000000	1000000000	5.8953805945e+12
500000000	1000000000	5.8953805945e+12
510000000	1000000000	5.8953805945e+12
520000000	1000000000	5.8953805945e+12
530000000	1000000000	5.8953805945e+12
540000000	1000000000	5.8953805945e+12
550000000	1000000000	5.8953805945e+12
560000000	1000000000	5.8953805945e+12
570000000	1000000000	5.8953805945e+12
580000000	1000000000	5.8953805945e+12
590000000	1000000000	5.8953805945e+12
600000000	1000000000	5.8953805945e+12
610000000	1000000000	5.8953805945e+12
620000000	1000000000	5.8953805945e+12
630000000	1000000000	5.8953805945e+12
640000000	1000000000	5.8953805945e+12
650000000	1000000000	5.8953805945e+12
660000000	1000000000	5.8953805945e+12
670000000	1000000000	5.8953805945e+12
680000000	1000000000	5.8953805945e+12
690000000	1000000000	5.8953805945e+12
700000000	1000000000	5.8953805945e+12
710000000	1000000000	5.8953805945e+12
720000000	1000000000	5.8953805945e+12
730000000	1000000000	5.8953805945e+12
740000000	1000000000	5.8953805945e+12
750000000	1000000000	5.8953805945e+12
760000000	1000000000	5.8953805945e+12
770000000	1000000000	5.8953805945e+12
780000000	1000000000	5.8953805945e+12
790000000	1000000000	5.8953805945e+12
800000000	1000000000	5.8953805945e+12
810000000	1000000000	5.8953805945e+12
820000000	1000000000	5.8953805945e+12
830000000	1000000000	5.8953805945e+12
840000000	1000000000	5.8953805945e+12
850000000	1000000000	5.8953805945e+12
860000000	1000000000	5.8953805945e+12
870000000	1000000000	5.8953805945e+12
880000000	1000000000	5.8953805945e+12
890000000	1000000000	5.8953805945e+12
900000000	1000000000	5.8953805945e+12
910000000	1000000000	5.8953805945e+12
920000000	1000000000	5.8953805945e+12
930000000	1000000000	5.8953805945e+12
940000000	1000000000	5.8953805945e+12
950000000	1000000000	5.8953805945e+12
960000000	1000000000	5.8953805945e+12
970000000	1000000000	5.8953805945e+12
980000000	1000000000	5.8953805945e+12
990000000	1000000000	5.8953805945e+12
1000000000	1000000000	5.8953805945e+12
1010000000	1000000000	5.8953805945e+12
1020000000	1000000000	5.8953805945e+12
1030000000	1000000000	5.8953805945e+12
1040000000	1000000000	5.8953805945e+12
1050000000	1000000000	5.8953805945e+12
1060000000	1000000000	5.8953805945e+12
1070000000	1000000000	5.8953805945e+12
1080000000	1000000000	5.8953805945e+12
1090000000	1000000000	5.8953805945e+12
1100000000	1000000000	5.8953805945e+12
1110000000	1000000000	5.8953805945e+12
1120000000	1000000000	5.8953805945e+12
1130000000	1000000000	5.8953805945e+12
1140000000	1000000000	5.8953805945e+12
1150000000	1000000000	5.8953805945e+12
1160000000	1000000000	5.8953805945e+12
1170000000	1000000000	5.8953805945e+12
1180000000	1000000000	5.8953805945e+12
1190000000	1000000000	5.8953805945e+12
1200000000	1000000000	5.8953805945e+12
1210000000	1000000000	5.8953805945e+12
1220000000	1000000000	5.8953805945e+12
1230000000	1000000000	5.8953805945e+12
1240000000	1000000000	5.8953805945e+12
1250000000	1000000000	5.8953805945e+12
1260000000	1000000000	5.8953805945e+12
1270000000	1000000000	5.8953805945e+12
1280000000	1000000000	5.8953805945e+12
1290000000	1000000000	5.8953805945e+12
1300000000	1000000000	5.8953805945e+12
1310000000	1000000000	5.8953805945e+12
1320000000	1000000000	5.8953805945e+12
1330000000	1000000000	5.8953805945e+12
1340000000	1000000000	5.8953805945e+12
1350000000	1000000000	5.8953805945e+12
1360000000	1000000000	5.8953805945e+12
1370000000	1000000000	5.8953805945e+12
1380000000	1000000000	5.8953805945e+12
1390000000	1000000000	5.8953805945e+12
1400000000	1000000000	5.8953805945e+12
1410000000	1000000000	5.8953805945e+12
1420000000	1000000000	5.8953805945e+12
1430000000	1000000000	5.8953805945e+12
1440000000	1000000000	5.8953805945e+12
1450000000	1000000000	5.8953805945e+12
1460000000	1000000000	5.8953805945e+12
1470000000	1000000000	5.8953805945e+12
1480000000	1000000000	5.8953805945e+12
1490000000	1000000000	5.8953805945e+12
1500000000	1000000000	5.8953805945e+12
1510000000	1000000000	5.8953805945e+12
1520000000	1000000000	5.8953805945e+12
1530000000	1000000000	5.8953805945e+12
1540000000	1000000000	5.8953805945e+12
1550000000	1000000000	5.8953805945e+12
1560000000	1000000000	5.8953805945e+12
1570000000	1000000000	5.8953805945e+12
1580000000	1000000000	5.8953805945e+12
1590000000	1000000000	5.8953805945e+12
1600000000	1000000000	5.8953805945e+12
1610000000	1000000000	5.8953805945e+12
1620000000	1000000000	5.8953805945e+12
1630000000	1000000000	5.8953805945e+12
1640000000	1000000000	5.8953805945e+12
1650000000	1000000000	5.8953805945e+12
1660000000	1000000000	5.8953805945e+12
1670000000	1000000000	5.8953805945e+12
1680000000	1000000000	5.8953805945e+12
1690000000	1000000000	5.8953805945e+12
1700000000	1000000000	5.8953805945e+12
1710000000	1000000000	5.8953805945e+12
1720000000	1000000000	5.8953805945e+12
1730000000	1000000000	5.8953805945e+12
1740000000	1000000000	5.8953805945e+12
1750000000	1000000000	5.8953805945e+12
1760000000	1000000000	5.8953805945e+12
1770000000	1000000000	5.8953805945e+12
1780000000	1000000000	5.8953805945e+12
1790000000	1000000000	5.8953805945e+12
1800000000	1000000000	5.8953805945e+12
1810000000	1000000000	5.8953805945e+12
1820000000	1000000000	5.8953805945e+12
1830000000	1000000000	5.8953805945e+12
1840000000	1000000000	5.8953805945e+12
1850000000	1000000000	5.8953805945e+12
1860000000	1000000000	5.8953805945e+12
1870000000	1000000000	5.8953805945e+12
1880000000	1000000000	5.8953805945e+12
1890000000	1000000000	5.8953805945e+12
1900000000	1000000000	5.8953805945e+12
1910000000	1000000000	5.8953805945e+12
1920000000	1000000000	5.8953805945e+12
1930000000	1000000000	5.8953805945e+12
1940000000	1000000000	5.8953805945e+12
1950000000	1000000000	5.8953805945e+12
1960000000	1000000000	5.8953805945e+12
1970000000	1000000000	5.8953805945e+12
1980000000	1000000000	5.8953805945e+12
1990000000	1000000000	5.8953805945e+12
2000000000	1000000000	5.8953805945e+12
2010000000	1000000000	5.8953805945e+12
2020000000	1000000000	5.8953805945e+12
2030000000	1000000000	5.8953805945e+12
2040000000	1000000000	5.8953805945e+12
2050000000	1000000000	5.8953805945e+12
2060000000	1000000000	5.8953805945e+12
2070000000	1000000000	5.8953805945e+12
2080000000	1000000000	5.8953805945e+12
2090000000	1000000000	5.8953805945e+12
2100000000	1000000000	5.8953805945e+12
2110000000	1000000000	5.8953805945e+12
2120000000	1000000000	5.8953805945e+12
2130000000	1000000000	5.8953805945e+12
2140000000	1000000000	5.8953805945e+12
2150000000	1000000000	5.8953805945e+12
2160000000	1000000000	5.8953805945e+12
2170000000	1000000000	5.8953805945e+12
2180000000	1000000000	5.8953805945e+12
2190000000	1000000000	5.8953805945e+12
2200000000	1000000000	5.8953805945e+12
2210000000	1000000000	5.8953805945e+12
2220000000	1000000000	5.8953805945e+12
2230000000	1000000000	5.8953805945e+12
2240000000	1000000000	5.8953805945e+12
2250000000	1000000000	5.8953805945e+12
2260000000	1000000000	5.8953805945e+12
2270000000	1000000000	5.8953805945e+12
2280000000	1000000000	5.8953805945e+12
2290000000	1000000000	5.8953805945e+12
2300000000	1000000000	5.8953805945e+12
2310000000	1000000000	5.8953805945e+12
2320000000	1000000000	5.8953805945e+12
2330000000	1000000000	5.8953805945e+12
2340000000	1000000000	5.8953805945e+12
2350000000	1000000000	5.8953805945e+12
2360000000	1000000000	5.8953805945e+12
2370000000	1000000000	5.8953805945e+12
2380000000	1000000000	5.8953805945e+12
2390000000	1000000000	5.8953805945e+12
2400000000	1000000000	5.8953805945e+12
2410000000	1000000000	5.8953805945e+12
2420000000	1000000000	5.8953805945e+12
2430000000	1000000000	5.8953805945e+12
2440000000	1000000000	5.8953805945e+12
2450000000	1000000000	5.8953805945e+12
2460000000	1000000000	5.8953805945e+12
2470000000	1000000000	5.8953805945e+12
2480000000	1000000000	5.8953805945e+12
2490000000	1000000000	5.8953805945e+12
2500000000	1000000000	5.8953805945e+12
2510000000	1000000000	5.8953805945e+12
2520000000	1000000000	5.8953805945e+12
2530000000	1000000000	5.8953805945e+12
2540000000	1000000000	5.8953805945e+12
2550000000	1000000000	5.8953805945e+12
2560000000	1000000000	5.8953805945e+12
2570000000	1000000000	5.8953805945e+12
2580000000	1000000000	5.8953805945e+12
2590000000	1000000000	5.8953805945e+12