100000000	59326171	1.13216954628e+11
110000000	59326172	1.09823986902e+11
120000000	75084685	1.07501502798e+11
130000000	79101562	1.0456210889e+11
140000000	79101562	1.0305412323e+11
150000000	79101563	1.0003815191e+11
160000000	100112914	98530166231.0
170000000	105468750	96621621887.8
180000000	105468750	94610974328.5
190000000	105468750	92600326769.1
200000000	105468750	90589679209.7
210000000	133483886	88579031650.3
220000000	133483886	88579031650.3
230000000	140625000	86034305846.7
240000000	140625000	86034305846.7
250000000	140625000	83353442434.2
260000000	140625000	83353442434.2
270000000	140625000	80672579021.7
280000000	140625000	80672579021.7
290000000	177978515	77991715609.2
300000000	177978515	77991715609.2
310000000	177978515	77991715609.2
320000000	187500000	74598747864.7
330000000	187500000	74598747864.7
340000000	187500000	74598747864.7
350000000	187500000	71024263314.7
360000000	187500000	71024263314.7
370000000	187500000	71024263314.7
380000000	187500000	71024263314.7
390000000	237304687	67449778764.7
400000000	237304687	67449778764.7
410000000	237304687	67449778764.7
420000000	237304687	67449778764.7
430000000	237304687	67449778764.7
440000000	250000000	62925821765.6
450000000	250000000	62925821765.6
460000000	250000000	62925821765.6
470000000	250000000	62925821765.6
480000000	250000000	62925821765.6
490000000	250000000	62925821765.6
500000000	316406250	58159842365.6
510000000	316406250	58159842365.6
520000000	316406250	58159842365.6
530000000	316406250	58159842365.6
540000000	316406250	58159842365.6
550000000	316406250	58159842365.6
560000000	316406250	58159842365.6
570000000	316406250	58159842365.6
580000000	316406250	58159842365.6
590000000	316406250	58159842365.6
600000000	421875000	52127899687.5
610000000	421875000	52127899687.5
620000000	421875000	52127899687.5
630000000	421875000	52127899687.5
640000000	421875000	52127899687.5
650000000	421875000	52127899687.5
660000000	421875000	52127899687.5
670000000	421875000	52127899687.5
680000000	421875000	52127899687.5
690000000	421875000	52127899687.5
700000000	421875000	52127899687.5
710000000	421875000	52127899687.5
720000000	421875000	52127899687.5
730000000	421875000	52127899687.5
740000000	421875000	52127899687.5
750000000	421875000	52127899687.5
760000000	421875000	52127899687.5
770000000	562500000	44085309450.0
780000000	562500000	44085309450.0
790000000	562500000	44085309450.0
800000000	562500000	44085309450.0
810000000	562500000	44085309450.0
820000000	562500000	44085309450.0
830000000	562500000	44085309450.0
840000000	562500000	44085309450.0
850000000	562500000	44085309450.0
860000000	562500000	44085309450.0
870000000	562500000	44085309450.0
880000000	562500000	44085309450.0
890000000	562500000	44085309450.0
900000000	562500000	44085309450.0
910000000	562500000	44085309450.0
920000000	562500000	44085309450.0
930000000	562500000	44085309450.0
940000000	562500000	44085309450.0
950000000	562500000	44085309450.0
960000000	562500000	44085309450.0
970000000	562500000	44085309450.0
980000000	562500000	44085309450.0
990000000	562500000	44085309450.0
1000000000	562500000	44085309450.0
1010000000	562500000	44085309450.0
1020000000	562500000	44085309450.0
1030000000	562500000	44085309450.0
1040000000	562500000	44085309450.0
1050000000	562500000	44085309450.0
1060000000	562500000	44085309450.0
1070000000	562500000	44085309450.0
1080000000	750000000	33361855800.0
1090000000	750000000	33361855800.0
1100000000	750000000	33361855800.0
1110000000	750000000	33361855800.0
1120000000	750000000	33361855800.0
1130000000	750000000	33361855800.0
1140000000	750000000	33361855800.0
1150000000	750000000	33361855800.0
1160000000	750000000	33361855800.0
1170000000	750000000	33361855800.0
1180000000	750000000	33361855800.0
1190000000	750000000	33361855800.0
1200000000	750000000	33361855800.0
1210000000	750000000	33361855800.0
1220000000	750000000	33361855800.0
1230000000	750000000	33361855800.0
1240000000	750000000	33361855800.0
1250000000	750000000	33361855800.0
1260000000	750000000	33361855800.0
1270000000	750000000	33361855800.0
1280000000	750000000	33361855800.0
1290000000	750000000	33361855800.0
1300000000	750000000	33361855800.0
1310000000	750000000	33361855800.0
1320000000	750000000	33361855800.0
1330000000	750000000	33361855800.0
1340000000	750000000	33361855800.0
1350000000	750000000	33361855800.0
1360000000	750000000	33361855800.0
1370000000	750000000	33361855800.0
1380000000	750000000	33361855800.0
1390000000	750000000	33361855800.0
1400000000	750000000	33361855800.0
1410000000	750000000	33361855800.0
1420000000	750000000	33361855800.0
1430000000	750000000	33361855800.0
1440000000	750000000	33361855800.0
1450000000	750000000	33361855800.0
1460000000	750000000	33361855800.0
1470000000	750000000	33361855800.0
1480000000	750000000	33361855800.0
1490000000	750000000	33361855800.0
1500000000	750000000	33361855800.0
1510000000	750000000	33361855800.0
1520000000	750000000	33361855800.0
1530000000	750000000	33361855800.0
1540000000	750000000	33361855800.0
1550000000	750000000	33361855800.0
1560000000	750000000	33361855800.0
1570000000	750000000	33361855800.0
1580000000	750000000	33361855800.0
1590000000	750000000	33361855800.0
1600000000	750000000	33361855800.0
1610000000	750000000	33361855800.0
1620000000	750000000	33361855800.0
1630000000	1000000000	19063917600.0
1640000000	1000000000	19063917600.0
1650000000	1000000000	19063917600.0
1660000000	1000000000	19063917600.0
1670000000	1000000000	19063917600.0
1680000000	1000000000	19063917600.0
1690000000	1000000000	19063917600.0
1700000000	1000000000	19063917600.0
1710000000	1000000000	19063917600.0
1720000000	1000000000	19063917600.0
1730000000	1000000000	19063917600.0
1740000000	1000000000	19063917600.0
1750000000	1000000000	19063917600.0
1760000000	1000000000	19063917600.0
1770000000	1000000000	19063917600.0
1780000000	1000000000	19063917600.0
1790000000	1000000000	19063917600.0
1800000000	1000000000	19063917600.0
1810000000	1000000000	19063917600.0
1820000000	1000000000	19063917600.0
1830000000	1000000000	19063917600.0
1840000000	1000000000	19063917600.0
1850000000	1000000000	19063917600.0
1860000000	1000000000	19063917600.0
1870000000	1000000000	19063917600.0
1880000000	1000000000	19063917600.0
1890000000	1000000000	19063917600.0
1900000000	1000000000	19063917600.0
1910000000	1000000000	19063917600.0
1920000000	1000000000	19063917600.0
1930000000	1000000000	19063917600.0
1940000000	1000000000	19063917600.0
1950000000	1000000000	19063917600.0
1960000000	1000000000	19063917600.0
1970000000	1000000000	19063917600.0
1980000000	1000000000	19063917600.0
1990000000	1000000000	19063917600.0
2000000000	1000000000	19063917600.0
2010000000	1000000000	19063917600.0
2020000000	1000000000	19063917600.0
2030000000	1000000000	19063917600.0
2040000000	1000000000	19063917600.0
2050000000	1000000000	19063917600.0
2060000000	1000000000	19063917600.0
2070000000	1000000000	19063917600.0
2080000000	1000000000	19063917600.0
2090000000	1000000000	19063917600.0
2100000000	1000000000	19063917600.0
2110000000	1000000000	19063917600.0
2120000000	1000000000	19063917600.0
2130000000	1000000000	19063917600.0
2140000000	1000000000	19063917600.0
2150000000	1000000000	19063917600.0
2160000000	1000000000	19063917600.0
2170000000	1000000000	19063917600.0
2180000000	1000000000	19063917600.0
2190000000	1000000000	19063917600.0
2200000000	1000000000	19063917600.0
2210000000	1000000000	19063917600.0
2220000000	1000000000	19063917600.0
2230000000	1000000000	19063917600.0
2240000000	1000000000	19063917600.0
2250000000	1000000000	19063917600.0
2260000000	1000000000	19063917600.0
2270000000	1000000000	19063917600.0
2280000000	1000000000	19063917600.0
2290000000	1000000000	19063917600.0
2300000000	1000000000	19063917600.0
2310000000	1000000000	19063917600.0
2320000000	1000000000	19063917600.0
2330000000	1000000000	19063917600.0
2340000000	1000000000	19063917600.0
2350000000	1000000000	19063917600.0
2360000000	1000000000	19063917600.0
2370000000	1000000000	19063917600.0
2380000000	1000000000	19063917600.0
2390000000	1000000000	19063917600.0
2400000000	1000000000	19063917600.0
2410000000	1000000000	19063917600.0
2420000000	1000000000	19063917600.0
2430000000	1000000000	19063917600.0
2440000000	1000000000	19063917600.0
2450000000	1000000000	19063917600.0
2460000000	1000000000	19063917600.0
2470000000	1000000000	19063917600.0
2480000000	1000000000	19063917600.0
2490000000	1000000000	19063917600.0
2500000000	1000000000	19063917600.0
2510000000	1000000000	19063917600.0
2520000000	1000000000	19063917600.0
2530000000	1000000000	19063917600.0
2540000000	1000000000	19063917600.0
2550000000	1000000000	19063917600.0
2560000000	1000000000	19063917600.0
2570000000	1000000000	19063917600.0
2580000000	1000000000	19063917600.0
2590000000	1000000000	19063917600.0